1
1
0
0
1
0
0
0
0
0
0
0
0
0
0
0
0
0
0
0
0
0
0
0
0
0
0
0
0
0
0
0
0
0
0
0
1
1
1
0
0
0
0
0
0
0
0
0
0
0
0
0
0
0
0
0
0
0
0
0
0
0
0
56
6
56
72
12
72
72
12
72
72
12
72
72
12
72
72
12
72
72
12
72
72
12
72
72
12
72
72
12
72
72
12
72
72
12
72
72
12
72
72
12
72
72
12
72
72
12
72
56
6
56
272
272
272
272
272
272
272
272
272
272
272
272
56
6
56
72
12
72
72
12
72
72
12
72
72
12
72
72
12
72
72
12
72
72
12
72
72
12
72
72
12
72
72
12
72
72
12
72
72
12
72
72
12
72
72
12
72
72
12
72
56
6
56
272
272
272
272
272
272
272
272
272
272
272
272
